gefallene Zahlen pro 37 runden |       Rundendurchlaeufe     |   Durchschnitt mit Wdh.|
                   233,00      |                   10,00     |               23,30    |

Alle Zahlen die pro 37 runden Gefallen sind.
1. 3
2. 35
3. 32
4. 7
5. 13
6. 17
7. 23
8. 25
9. 20
10. 2
11. 29
12. 28
13. 4
14. 19
15. 34
16. 15
17. 1
18. 6
19. 18
20. 12
21. 33
22. 27
23. 11
24. 26
1. 3
2. 35
3. 32
4. 7
5. 13
6. 17
7. 23
8. 25
9. 20
10. 2
11. 29
12. 28
13. 4
14. 19
15. 34
16. 15
17. 1
18. 6
19. 18
20. 12
21. 33
22. 27
23. 11
24. 26
25. 30
1. 3
2. 35
3. 32
4. 7
5. 13
6. 17
7. 23
8. 25
9. 20
10. 2
11. 29
12. 28
13. 4
14. 19
15. 34
16. 15
17. 1
18. 6
19. 18
20. 12
21. 33
22. 27
23. 11
24. 26
25. 30
1. 3
2. 35
3. 32
4. 7
5. 13
6. 17
7. 23
8. 25
9. 20
10. 2
11. 29
12. 28
13. 4
14. 19
15. 34
16. 15
17. 1
18. 6
19. 18
20. 12
21. 33
1. 3
2. 35
3. 32
4. 7
5. 13
6. 17
7. 23
8. 25
9. 20
10. 2
11. 29
12. 28
13. 4
14. 19
15. 34
16. 15
17. 1
18. 6
19. 18
20. 12
21. 33
22. 27
1. 3
2. 35
3. 32
4. 7
5. 13
6. 17
7. 23
8. 25
9. 20
10. 2
11. 29
12. 28
13. 4
14. 19
15. 34
16. 15
17. 1
18. 6
19. 18
20. 12
21. 33
22. 27
23. 11
1. 3
2. 35
3. 32
4. 7
5. 13
6. 17
7. 23
8. 25
9. 20
10. 2
11. 29
12. 28
13. 4
14. 19
15. 34
16. 15
17. 1
18. 6
19. 18
20. 12
21. 33
22. 27
23. 11
24. 26
1. 3
2. 35
3. 32
4. 7
5. 13
6. 17
7. 23
8. 25
9. 20
10. 2
11. 29
12. 28
13. 4
14. 19
15. 34
16. 15
17. 1
18. 6
19. 18
20. 12
21. 33
22. 27
1. 3
2. 35
3. 32
4. 7
5. 13
6. 17
7. 23
8. 25
9. 20
10. 2
11. 29
12. 28
13. 4
14. 19
15. 34
16. 15
17. 1
18. 6
19. 18
20. 12
21. 33
22. 27
23. 11
1. 3
2. 35
3. 32
4. 7
5. 13
6. 17
7. 23
8. 25
9. 20
10. 2
11. 29
12. 28
13. 4
14. 19
15. 34
16. 15
17. 1
18. 6
19. 18
20. 12
21. 33
22. 27
23. 11
24. 26
